12
1024

11
sphere
-100.0 0.0 0.0
9.0
1.0 1.0 1.0
0.0 0.2 0.2 0.2
10

sphere
-80.0 0.0 0.0
9.0
1.0 1.0 1.0
0.1 0.2 0.2 0.2
10

sphere
-60.0 0.0 0.0
9.0
1.0 1.0 1.0
0.2 0.2 0.2 0.2
10

sphere
-40.0 0.0 0.0
9.0
1.0 1.0 1.0
0.3 0.2 0.2 0.2
10

sphere
-20.0 0.0 0.0
9.0
1.0 1.0 1.0
0.4 0.2 0.2 0.2
10

sphere
0.0 0.0 0.0
9.0
1.0 1.0 1.0
0.5 0.2 0.2 0.2
10

sphere
20.0 0.0 0.0
9.0
1.0 1.0 1.0
0.6 0.2 0.2 0.2
10

sphere
40.0 0.0 0.0
9.0
1.0 1.0 1.0
0.7 0.2 0.2 0.2
10

sphere
60.0 0.0 0.0
9.0
1.0 1.0 1.0
0.8 0.2 0.2 0.2
10

sphere
80.0 0.0 0.0
9.0
1.0 1.0 1.0
0.9 0.2 0.2 0.2
10

sphere
100.0 0.0 0.0
9.0
1.0 1.0 1.0
1.0 0.2 0.2 0.2
10

1
0.0 0.0 80.0
1.0 1.0 1.0

//ambient, diffuse, specular, recursive reflection coefficient